New log file: TextOutputsWalkLog-2024-02-27-20-17-48.txt
Current Generation Method: Naive
Current Stepset: [(1.00, 0.00, 0.00), (0.00, 1.00, 0.00), (0.00, 0.00, 1.00), (-1.00, 0.00, 0.00), (0.00, -1.00, 0.00), (0.00, 0.00, -1.00)]
Length: 50
[(0.00, 0.00, 1.00), (1.00, 0.00, 0.00), (0.00, 1.00, 0.00), (0.00, 1.00, 0.00), (0.00, 1.00, 0.00), (0.00, 0.00, -1.00), (0.00, 0.00, 1.00), (0.00, -1.00, 0.00), (1.00, 0.00, 0.00), (0.00, 1.00, 0.00), (1.00, 0.00, 0.00), (0.00, 1.00, 0.00), (-1.00, 0.00, 0.00), (0.00, -1.00, 0.00), (0.00, 1.00, 0.00), (1.00, 0.00, 0.00), (0.00, 1.00, 0.00), (1.00, 0.00, 0.00), (1.00, 0.00, 0.00), (1.00, 0.00, 0.00), (0.00, 1.00, 0.00), (0.00, 0.00, 1.00), (-1.00, 0.00, 0.00), (0.00, -1.00, 0.00), (-1.00, 0.00, 0.00), (-1.00, 0.00, 0.00), (0.00, 0.00, 1.00), (0.00, 0.00, -1.00), (0.00, -1.00, 0.00), (0.00, -1.00, 0.00), (0.00, 0.00, 1.00), (1.00, 0.00, 0.00), (0.00, 0.00, -1.00), (0.00, 1.00, 0.00), (0.00, 1.00, 0.00), (-1.00, 0.00, 0.00), (1.00, 0.00, 0.00), (0.00, 0.00, -1.00), (0.00, -1.00, 0.00), (0.00, 0.00, 1.00), (1.00, 0.00, 0.00), (1.00, 0.00, 0.00), (1.00, 0.00, 0.00), (1.00, 0.00, 0.00), (1.00, 0.00, 0.00), (0.00, 0.00, -1.00), (-1.00, 0.00, 0.00), (0.00, -1.00, 0.00), (-1.00, 0.00, 0.00), (0.00, -1.00, 0.00)]
Length: 50
[(0.00, 1.00, 0.00), (0.00, 1.00, 0.00), (1.00, 0.00, 0.00), (0.00, 0.00, 1.00), (0.00, -1.00, 0.00), (0.00, 0.00, -1.00), (-1.00, 0.00, 0.00), (1.00, 0.00, 0.00), (1.00, 0.00, 0.00), (0.00, 0.00, 1.00), (0.00, 1.00, 0.00), (-1.00, 0.00, 0.00), (1.00, 0.00, 0.00), (0.00, 0.00, 1.00), (1.00, 0.00, 0.00), (-1.00, 0.00, 0.00), (1.00, 0.00, 0.00), (0.00, 0.00, -1.00), (-1.00, 0.00, 0.00), (-1.00, 0.00, 0.00), (0.00, 1.00, 0.00), (0.00, 0.00, 1.00), (-1.00, 0.00, 0.00), (1.00, 0.00, 0.00), (-1.00, 0.00, 0.00), (0.00, 0.00, 1.00), (0.00, 0.00, 1.00), (0.00, 0.00, 1.00), (0.00, -1.00, 0.00), (0.00, 0.00, 1.00), (1.00, 0.00, 0.00), (0.00, 0.00, -1.00), (0.00, 0.00, 1.00), (0.00, -1.00, 0.00), (0.00, 0.00, -1.00), (0.00, 0.00, -1.00), (0.00, 1.00, 0.00), (0.00, 1.00, 0.00), (1.00, 0.00, 0.00), (0.00, 0.00, 1.00), (0.00, -1.00, 0.00), (-1.00, 0.00, 0.00), (0.00, 0.00, 1.00), (-1.00, 0.00, 0.00), (0.00, 0.00, -1.00), (0.00, 1.00, 0.00), (0.00, -1.00, 0.00), (0.00, -1.00, 0.00), (0.00, 0.00, -1.00), (0.00, 0.00, -1.00)]
Length: 50
[(0.00, 0.00, 1.00), (0.00, 0.00, 1.00), (0.00, 0.00, -1.00), (1.00, 0.00, 0.00), (0.00, 1.00, 0.00), (0.00, 0.00, 1.00), (0.00, -1.00, 0.00), (0.00, 0.00, 1.00), (0.00, 1.00, 0.00), (0.00, 1.00, 0.00), (0.00, 1.00, 0.00), (0.00, 1.00, 0.00), (1.00, 0.00, 0.00), (0.00, 0.00, 1.00), (0.00, -1.00, 0.00), (0.00, 1.00, 0.00), (-1.00, 0.00, 0.00), (1.00, 0.00, 0.00), (0.00, 1.00, 0.00), (0.00, 0.00, 1.00), (0.00, 1.00, 0.00), (0.00, -1.00, 0.00), (1.00, 0.00, 0.00), (1.00, 0.00, 0.00), (0.00, 1.00, 0.00), (0.00, 0.00, 1.00), (0.00, 0.00, 1.00), (0.00, 0.00, -1.00), (1.00, 0.00, 0.00), (0.00, 0.00, 1.00), (-1.00, 0.00, 0.00), (0.00, 1.00, 0.00), (0.00, 1.00, 0.00), (0.00, 0.00, 1.00), (0.00, 1.00, 0.00), (0.00, -1.00, 0.00), (-1.00, 0.00, 0.00), (1.00, 0.00, 0.00), (0.00, 0.00, 1.00), (0.00, 0.00, -1.00), (0.00, 0.00, -1.00), (0.00, 0.00, -1.00), (1.00, 0.00, 0.00), (0.00, 0.00, -1.00), (-1.00, 0.00, 0.00), (-1.00, 0.00, 0.00), (-1.00, 0.00, 0.00), (1.00, 0.00, 0.00), (0.00, -1.00, 0.00), (-1.00, 0.00, 0.00)]
Length: 50
[(0.00, 0.00, 1.00), (0.00, 0.00, 1.00), (1.00, 0.00, 0.00), (1.00, 0.00, 0.00), (0.00, 0.00, -1.00), (0.00, 1.00, 0.00), (0.00, 0.00, 1.00), (0.00, 0.00, 1.00), (0.00, 0.00, 1.00), (-1.00, 0.00, 0.00), (0.00, 1.00, 0.00), (-1.00, 0.00, 0.00), (0.00, 0.00, -1.00), (0.00, 1.00, 0.00), (1.00, 0.00, 0.00), (0.00, 0.00, 1.00), (0.00, 0.00, 1.00), (0.00, 0.00, 1.00), (0.00, 0.00, 1.00), (0.00, 1.00, 0.00), (-1.00, 0.00, 0.00), (1.00, 0.00, 0.00), (0.00, 0.00, 1.00), (0.00, 0.00, -1.00), (-1.00, 0.00, 0.00), (0.00, 0.00, -1.00), (1.00, 0.00, 0.00), (1.00, 0.00, 0.00), (0.00, 1.00, 0.00), (0.00, 1.00, 0.00), (-1.00, 0.00, 0.00), (1.00, 0.00, 0.00), (0.00, 0.00, -1.00), (0.00, 1.00, 0.00), (0.00, -1.00, 0.00), (0.00, -1.00, 0.00), (0.00, -1.00, 0.00), (0.00, -1.00, 0.00), (0.00, 0.00, 1.00), (0.00, 0.00, 1.00), (0.00, 1.00, 0.00), (0.00, 1.00, 0.00), (0.00, 0.00, -1.00), (0.00, 0.00, -1.00), (1.00, 0.00, 0.00), (0.00, 0.00, 1.00), (0.00, 1.00, 0.00), (0.00, 0.00, 1.00), (0.00, 0.00, -1.00), (1.00, 0.00, 0.00)]
Length: 50
[(0.00, 0.00, 1.00), (0.00, 1.00, 0.00), (0.00, 0.00, 1.00), (1.00, 0.00, 0.00), (1.00, 0.00, 0.00), (0.00, 0.00, 1.00), (1.00, 0.00, 0.00), (0.00, 1.00, 0.00), (0.00, 1.00, 0.00), (0.00, 0.00, -1.00), (0.00, 0.00, 1.00), (0.00, 0.00, -1.00), (0.00, -1.00, 0.00), (0.00, 0.00, 1.00), (0.00, 0.00, -1.00), (0.00, -1.00, 0.00), (0.00, 1.00, 0.00), (0.00, 0.00, 1.00), (0.00, 0.00, 1.00), (0.00, 0.00, -1.00), (0.00, -1.00, 0.00), (0.00, 1.00, 0.00), (0.00, 0.00, 1.00), (0.00, 1.00, 0.00), (1.00, 0.00, 0.00), (0.00, 0.00, -1.00), (0.00, 0.00, -1.00), (1.00, 0.00, 0.00), (1.00, 0.00, 0.00), (0.00, 0.00, -1.00), (0.00, 0.00, 1.00), (1.00, 0.00, 0.00), (-1.00, 0.00, 0.00), (0.00, 0.00, -1.00), (0.00, 1.00, 0.00), (0.00, 0.00, -1.00), (0.00, 1.00, 0.00), (0.00, 0.00, 1.00), (0.00, 0.00, 1.00), (0.00, 1.00, 0.00), (0.00, -1.00, 0.00), (-1.00, 0.00, 0.00), (0.00, 0.00, 1.00), (-1.00, 0.00, 0.00), (0.00, 0.00, 1.00), (1.00, 0.00, 0.00), (-1.00, 0.00, 0.00), (0.00, 0.00, -1.00), (0.00, 0.00, -1.00), (1.00, 0.00, 0.00)]
Length: 50
[(1.00, 0.00, 0.00), (0.00, 0.00, 1.00), (1.00, 0.00, 0.00), (0.00, 1.00, 0.00), (0.00, 0.00, -1.00), (1.00, 0.00, 0.00), (1.00, 0.00, 0.00), (0.00, 0.00, 1.00), (0.00, 1.00, 0.00), (0.00, 1.00, 0.00), (0.00, 1.00, 0.00), (0.00, 0.00, 1.00), (1.00, 0.00, 0.00), (-1.00, 0.00, 0.00), (-1.00, 0.00, 0.00), (1.00, 0.00, 0.00), (0.00, 1.00, 0.00), (0.00, 1.00, 0.00), (0.00, 0.00, 1.00), (0.00, 1.00, 0.00), (0.00, 0.00, 1.00), (0.00, -1.00, 0.00), (0.00, 0.00, 1.00), (0.00, 0.00, 1.00), (0.00, 1.00, 0.00), (0.00, -1.00, 0.00), (0.00, -1.00, 0.00), (0.00, 1.00, 0.00), (1.00, 0.00, 0.00), (0.00, -1.00, 0.00), (0.00, 0.00, 1.00), (0.00, -1.00, 0.00), (0.00, -1.00, 0.00), (0.00, 1.00, 0.00), (1.00, 0.00, 0.00), (-1.00, 0.00, 0.00), (0.00, 1.00, 0.00), (0.00, -1.00, 0.00), (0.00, 0.00, 1.00), (1.00, 0.00, 0.00), (1.00, 0.00, 0.00), (0.00, 0.00, 1.00), (0.00, 0.00, -1.00), (0.00, -1.00, 0.00), (0.00, 0.00, 1.00), (0.00, 0.00, 1.00), (-1.00, 0.00, 0.00), (-1.00, 0.00, 0.00), (0.00, -1.00, 0.00), (-1.00, 0.00, 0.00)]
Length: 50
[(0.00, 0.00, 1.00), (0.00, 1.00, 0.00), (0.00, 1.00, 0.00), (1.00, 0.00, 0.00), (0.00, 0.00, 1.00), (0.00, 1.00, 0.00), (0.00, 0.00, 1.00), (0.00, -1.00, 0.00), (1.00, 0.00, 0.00), (0.00, -1.00, 0.00), (1.00, 0.00, 0.00), (0.00, 0.00, -1.00), (0.00, 0.00, 1.00), (1.00, 0.00, 0.00), (-1.00, 0.00, 0.00), (0.00, 1.00, 0.00), (0.00, 0.00, 1.00), (0.00, 1.00, 0.00), (0.00, 0.00, 1.00), (0.00, 1.00, 0.00), (0.00, 1.00, 0.00), (0.00, 1.00, 0.00), (0.00, 0.00, -1.00), (0.00, 0.00, -1.00), (1.00, 0.00, 0.00), (-1.00, 0.00, 0.00), (1.00, 0.00, 0.00), (0.00, -1.00, 0.00), (-1.00, 0.00, 0.00), (0.00, 0.00, -1.00), (0.00, -1.00, 0.00), (0.00, 0.00, 1.00), (0.00, -1.00, 0.00), (0.00, -1.00, 0.00), (-1.00, 0.00, 0.00), (0.00, 0.00, -1.00), (0.00, 0.00, 1.00), (0.00, 1.00, 0.00), (0.00, 0.00, -1.00), (0.00, -1.00, 0.00), (0.00, 0.00, 1.00), (0.00, -1.00, 0.00), (-1.00, 0.00, 0.00), (0.00, 1.00, 0.00), (0.00, -1.00, 0.00), (0.00, 0.00, -1.00), (0.00, -1.00, 0.00), (0.00, 1.00, 0.00), (0.00, 0.00, -1.00), (1.00, 0.00, 0.00)]
Length: 50
[(1.00, 0.00, 0.00), (-1.00, 0.00, 0.00), (0.00, 1.00, 0.00), (0.00, 1.00, 0.00), (1.00, 0.00, 0.00), (0.00, 1.00, 0.00), (0.00, 0.00, 1.00), (0.00, 0.00, -1.00), (0.00, -1.00, 0.00), (0.00, 1.00, 0.00), (0.00, 0.00, 1.00), (0.00, 0.00, 1.00), (0.00, 0.00, 1.00), (0.00, -1.00, 0.00), (1.00, 0.00, 0.00), (0.00, 0.00, -1.00), (0.00, 0.00, -1.00), (0.00, 1.00, 0.00), (0.00, 0.00, 1.00), (1.00, 0.00, 0.00), (0.00, 0.00, -1.00), (0.00, -1.00, 0.00), (1.00, 0.00, 0.00), (0.00, 1.00, 0.00), (0.00, 0.00, 1.00), (0.00, 1.00, 0.00), (0.00, 0.00, -1.00), (-1.00, 0.00, 0.00), (-1.00, 0.00, 0.00), (0.00, 1.00, 0.00), (0.00, 1.00, 0.00), (1.00, 0.00, 0.00), (1.00, 0.00, 0.00), (0.00, 0.00, 1.00), (0.00, -1.00, 0.00), (0.00, 0.00, 1.00), (0.00, -1.00, 0.00), (0.00, -1.00, 0.00), (0.00, 0.00, 1.00), (0.00, 1.00, 0.00), (0.00, 1.00, 0.00), (0.00, -1.00, 0.00), (-1.00, 0.00, 0.00), (0.00, -1.00, 0.00), (0.00, 1.00, 0.00), (0.00, 1.00, 0.00), (0.00, 0.00, 1.00), (-1.00, 0.00, 0.00), (0.00, 0.00, 1.00), (-1.00, 0.00, 0.00)]
Length: 50
[(1.00, 0.00, 0.00), (0.00, 0.00, 1.00), (0.00, 0.00, -1.00), (0.00, 1.00, 0.00), (-1.00, 0.00, 0.00), (1.00, 0.00, 0.00), (-1.00, 0.00, 0.00), (0.00, 1.00, 0.00), (1.00, 0.00, 0.00), (0.00, 0.00, 1.00), (-1.00, 0.00, 0.00), (1.00, 0.00, 0.00), (0.00, 0.00, -1.00), (0.00, 0.00, 1.00), (0.00, 0.00, 1.00), (1.00, 0.00, 0.00), (0.00, 0.00, -1.00), (-1.00, 0.00, 0.00), (-1.00, 0.00, 0.00), (0.00, 0.00, 1.00), (1.00, 0.00, 0.00), (0.00, 0.00, 1.00), (0.00, 0.00, 1.00), (0.00, 1.00, 0.00), (1.00, 0.00, 0.00), (0.00, 1.00, 0.00), (1.00, 0.00, 0.00), (0.00, 0.00, 1.00), (1.00, 0.00, 0.00), (0.00, -1.00, 0.00), (0.00, 1.00, 0.00), (0.00, -1.00, 0.00), (1.00, 0.00, 0.00), (0.00, 1.00, 0.00), (0.00, 0.00, 1.00), (0.00, 1.00, 0.00), (-1.00, 0.00, 0.00), (0.00, 0.00, -1.00), (0.00, 0.00, 1.00), (0.00, -1.00, 0.00), (0.00, 0.00, 1.00), (0.00, 0.00, -1.00), (0.00, 0.00, -1.00), (1.00, 0.00, 0.00), (0.00, 0.00, 1.00), (1.00, 0.00, 0.00), (0.00, 1.00, 0.00), (0.00, 1.00, 0.00), (0.00, 0.00, 1.00), (-1.00, 0.00, 0.00)]
Length: 50
[(0.00, 0.00, 1.00), (0.00, 0.00, 1.00), (0.00, 1.00, 0.00), (1.00, 0.00, 0.00), (0.00, 0.00, 1.00), (0.00, -1.00, 0.00), (0.00, 0.00, -1.00), (1.00, 0.00, 0.00), (0.00, 0.00, -1.00), (-1.00, 0.00, 0.00), (-1.00, 0.00, 0.00), (1.00, 0.00, 0.00), (1.00, 0.00, 0.00), (1.00, 0.00, 0.00), (-1.00, 0.00, 0.00), (0.00, 1.00, 0.00), (0.00, 1.00, 0.00), (0.00, -1.00, 0.00), (1.00, 0.00, 0.00), (-1.00, 0.00, 0.00), (0.00, 0.00, 1.00), (0.00, 1.00, 0.00), (0.00, 1.00, 0.00), (0.00, 1.00, 0.00), (-1.00, 0.00, 0.00), (1.00, 0.00, 0.00), (1.00, 0.00, 0.00), (-1.00, 0.00, 0.00), (0.00, 1.00, 0.00), (0.00, 0.00, -1.00), (0.00, 0.00, -1.00), (0.00, -1.00, 0.00), (0.00, 0.00, 1.00), (0.00, 0.00, 1.00), (1.00, 0.00, 0.00), (0.00, 1.00, 0.00), (0.00, 0.00, 1.00), (0.00, 0.00, 1.00), (0.00, -1.00, 0.00), (0.00, 0.00, -1.00), (0.00, 0.00, -1.00), (0.00, 0.00, 1.00), (-1.00, 0.00, 0.00), (0.00, 0.00, 1.00), (0.00, 1.00, 0.00), (0.00, -1.00, 0.00), (0.00, 1.00, 0.00), (0.00, 0.00, 1.00), (0.00, 1.00, 0.00), (1.00, 0.00, 0.00)]
Current Generation Method: Naive
Current Stepset: [(1.00, 0.00, 0.00), (-1.00, 0.00, 0.00), (-1.00, 0.00, 0.00), (0.00, 1.00, 0.00), (0.00, -1.00, 0.00), (0.00, -1.00, 0.00), (0.00, 0.00, 1.00), (0.00, 0.00, -1.00), (0.00, 0.00, -1.00)]
Length: 100
[(0.00, 1.00, 0.00), (0.00, 0.00, 1.00), (0.00, 1.00, 0.00), (0.00, 1.00, 0.00), (0.00, 0.00, 1.00), (1.00, 0.00, 0.00), (1.00, 0.00, 0.00), (1.00, 0.00, 0.00), (1.00, 0.00, 0.00), (0.00, 0.00, -1.00), (1.00, 0.00, 0.00), (0.00, 0.00, -1.00), (0.00, -1.00, 0.00), (0.00, 0.00, 1.00), (1.00, 0.00, 0.00), (0.00, 0.00, 1.00), (0.00, 0.00, 1.00), (1.00, 0.00, 0.00), (0.00, 1.00, 0.00), (0.00, 1.00, 0.00), (0.00, -1.00, 0.00), (0.00, 0.00, 1.00), (1.00, 0.00, 0.00), (0.00, 0.00, -1.00), (0.00, 0.00, 1.00), (1.00, 0.00, 0.00), (1.00, 0.00, 0.00), (0.00, 1.00, 0.00), (0.00, 0.00, 1.00), (1.00, 0.00, 0.00), (0.00, -1.00, 0.00), (0.00, 0.00, 1.00), (-1.00, 0.00, 0.00), (0.00, 0.00, -1.00), (0.00, 0.00, -1.00), (0.00, 0.00, 1.00), (0.00, 1.00, 0.00), (-1.00, 0.00, 0.00), (0.00, 1.00, 0.00), (0.00, 1.00, 0.00), (0.00, 0.00, -1.00), (0.00, -1.00, 0.00), (-1.00, 0.00, 0.00), (1.00, 0.00, 0.00), (-1.00, 0.00, 0.00), (0.00, 0.00, 1.00), (1.00, 0.00, 0.00), (0.00, 0.00, 1.00), (0.00, 1.00, 0.00), (0.00, 1.00, 0.00), (1.00, 0.00, 0.00), (-1.00, 0.00, 0.00), (0.00, -1.00, 0.00), (-1.00, 0.00, 0.00), (0.00, 0.00, -1.00), (0.00, 1.00, 0.00), (0.00, 0.00, 1.00), (0.00, 0.00, 1.00), (0.00, 0.00, 1.00), (0.00, 0.00, 1.00), (1.00, 0.00, 0.00), (-1.00, 0.00, 0.00), (-1.00, 0.00, 0.00), (0.00, 1.00, 0.00), (1.00, 0.00, 0.00), (0.00, -1.00, 0.00), (0.00, 0.00, -1.00), (0.00, -1.00, 0.00), (1.00, 0.00, 0.00), (1.00, 0.00, 0.00), (-1.00, 0.00, 0.00), (-1.00, 0.00, 0.00), (-1.00, 0.00, 0.00), (0.00, -1.00, 0.00), (0.00, -1.00, 0.00), (0.00, 1.00, 0.00), (1.00, 0.00, 0.00), (0.00, 1.00, 0.00), (-1.00, 0.00, 0.00), (0.00, 0.00, -1.00), (0.00, 1.00, 0.00), (0.00, 0.00, -1.00), (0.00, 0.00, -1.00), (0.00, -1.00, 0.00), (0.00, -1.00, 0.00), (0.00, 1.00, 0.00), (0.00, 1.00, 0.00), (0.00, 0.00, 1.00), (-1.00, 0.00, 0.00), (0.00, 1.00, 0.00), (0.00, 1.00, 0.00), (1.00, 0.00, 0.00), (-1.00, 0.00, 0.00), (0.00, 0.00, 1.00), (0.00, 0.00, -1.00), (0.00, 0.00, 1.00), (0.00, 1.00, 0.00), (1.00, 0.00, 0.00), (0.00, 1.00, 0.00), (0.00, 0.00, -1.00)]
Length: 100
[(1.00, 0.00, 0.00), (0.00, 1.00, 0.00), (0.00, 1.00, 0.00), (0.00, 1.00, 0.00), (1.00, 0.00, 0.00), (1.00, 0.00, 0.00), (0.00, 0.00, 1.00), (-1.00, 0.00, 0.00), (0.00, 0.00, 1.00), (0.00, 1.00, 0.00), (0.00, 1.00, 0.00), (0.00, -1.00, 0.00), (1.00, 0.00, 0.00), (0.00, 1.00, 0.00), (-1.00, 0.00, 0.00), (0.00, 0.00, 1.00), (0.00, 0.00, 1.00), (0.00, 0.00, 1.00), (1.00, 0.00, 0.00), (-1.00, 0.00, 0.00), (0.00, -1.00, 0.00), (0.00, 0.00, -1.00), (0.00, 0.00, -1.00), (0.00, -1.00, 0.00), (0.00, 0.00, -1.00), (1.00, 0.00, 0.00), (0.00, 0.00, 1.00), (0.00, 0.00, -1.00), (0.00, -1.00, 0.00), (0.00, 1.00, 0.00), (0.00, 0.00, 1.00), (0.00, 0.00, -1.00), (0.00, 1.00, 0.00), (0.00, 1.00, 0.00), (0.00, 1.00, 0.00), (0.00, 0.00, -1.00), (0.00, -1.00, 0.00), (0.00, 1.00, 0.00), (0.00, 1.00, 0.00), (0.00, 0.00, 1.00), (0.00, 0.00, 1.00), (0.00, 0.00, 1.00), (0.00, -1.00, 0.00), (-1.00, 0.00, 0.00), (1.00, 0.00, 0.00), (0.00, 1.00, 0.00), (0.00, 0.00, -1.00), (1.00, 0.00, 0.00), (1.00, 0.00, 0.00), (-1.00, 0.00, 0.00), (0.00, -1.00, 0.00), (0.00, 0.00, -1.00), (0.00, 1.00, 0.00), (-1.00, 0.00, 0.00), (0.00, 0.00, 1.00), (0.00, -1.00, 0.00), (0.00, 0.00, -1.00), (0.00, 0.00, 1.00), (0.00, -1.00, 0.00), (0.00, 0.00, 1.00), (0.00, 0.00, -1.00), (0.00, 1.00, 0.00), (0.00, 0.00, -1.00), (0.00, 0.00, -1.00), (0.00, 0.00, 1.00), (0.00, 1.00, 0.00), (0.00, 1.00, 0.00), (0.00, -1.00, 0.00), (-1.00, 0.00, 0.00), (0.00, 1.00, 0.00), (0.00, 1.00, 0.00), (1.00, 0.00, 0.00), (-1.00, 0.00, 0.00), (0.00, 0.00, -1.00), (0.00, -1.00, 0.00), (0.00, 0.00, -1.00), (1.00, 0.00, 0.00), (0.00, -1.00, 0.00), (0.00, -1.00, 0.00), (0.00, 1.00, 0.00), (0.00, -1.00, 0.00), (0.00, 0.00, 1.00), (0.00, -1.00, 0.00), (0.00, 0.00, 1.00), (0.00, 0.00, -1.00), (0.00, -1.00, 0.00), (-1.00, 0.00, 0.00), (0.00, -1.00, 0.00), (0.00, -1.00, 0.00), (0.00, 0.00, -1.00), (0.00, -1.00, 0.00), (0.00, 1.00, 0.00), (0.00, 0.00, 1.00), (0.00, -1.00, 0.00), (0.00, 1.00, 0.00), (1.00, 0.00, 0.00), (-1.00, 0.00, 0.00), (-1.00, 0.00, 0.00), (0.00, 0.00, -1.00), (0.00, 1.00, 0.00)]
Length: 100
[(0.00, 0.00, 1.00), (0.00, 0.00, 1.00), (0.00, 0.00, 1.00), (1.00, 0.00, 0.00), (0.00, 0.00, -1.00), (-1.00, 0.00, 0.00), (0.00, 0.00, 1.00), (0.00, 1.00, 0.00), (0.00, 0.00, -1.00), (0.00, 1.00, 0.00), (1.00, 0.00, 0.00), (0.00, 1.00, 0.00), (0.00, 0.00, 1.00), (1.00, 0.00, 0.00), (0.00, 0.00, 1.00), (-1.00, 0.00, 0.00), (0.00, -1.00, 0.00), (1.00, 0.00, 0.00), (-1.00, 0.00, 0.00), (0.00, 0.00, 1.00), (1.00, 0.00, 0.00), (0.00, 0.00, -1.00), (0.00, 0.00, -1.00), (0.00, -1.00, 0.00), (0.00, 0.00, 1.00), (1.00, 0.00, 0.00), (0.00, 0.00, -1.00), (1.00, 0.00, 0.00), (0.00, 0.00, 1.00), (0.00, 0.00, -1.00), (1.00, 0.00, 0.00), (0.00, 1.00, 0.00), (1.00, 0.00, 0.00), (1.00, 0.00, 0.00), (0.00, 1.00, 0.00), (-1.00, 0.00, 0.00), (0.00, 0.00, -1.00), (0.00, 0.00, 1.00), (0.00, 1.00, 0.00), (0.00, -1.00, 0.00), (0.00, 0.00, 1.00), (0.00, 1.00, 0.00), (0.00, 1.00, 0.00), (1.00, 0.00, 0.00), (0.00, 0.00, -1.00), (0.00, 0.00, 1.00), (0.00, 0.00, -1.00), (0.00, 0.00, 1.00), (0.00, -1.00, 0.00), (0.00, 1.00, 0.00), (0.00, 1.00, 0.00), (0.00, 1.00, 0.00), (0.00, 0.00, -1.00), (0.00, 1.00, 0.00), (1.00, 0.00, 0.00), (0.00, 0.00, -1.00), (-1.00, 0.00, 0.00), (0.00, 0.00, 1.00), (-1.00, 0.00, 0.00), (-1.00, 0.00, 0.00), (1.00, 0.00, 0.00), (0.00, -1.00, 0.00), (0.00, 1.00, 0.00), (1.00, 0.00, 0.00), (0.00, -1.00, 0.00), (0.00, -1.00, 0.00), (0.00, 0.00, -1.00), (0.00, 1.00, 0.00), (1.00, 0.00, 0.00), (-1.00, 0.00, 0.00), (1.00, 0.00, 0.00), (1.00, 0.00, 0.00), (0.00, 0.00, 1.00), (0.00, 0.00, 1.00), (1.00, 0.00, 0.00), (-1.00, 0.00, 0.00), (-1.00, 0.00, 0.00), (0.00, 0.00, 1.00), (0.00, 0.00, 1.00), (0.00, -1.00, 0.00), (0.00, 0.00, -1.00), (0.00, 1.00, 0.00), (0.00, 1.00, 0.00), (1.00, 0.00, 0.00), (0.00, -1.00, 0.00), (0.00, 0.00, 1.00), (-1.00, 0.00, 0.00), (0.00, 0.00, -1.00), (-1.00, 0.00, 0.00), (1.00, 0.00, 0.00), (0.00, 1.00, 0.00), (0.00, 0.00, -1.00), (0.00, 1.00, 0.00), (0.00, -1.00, 0.00), (0.00, 0.00, 1.00), (0.00, 1.00, 0.00), (0.00, 0.00, 1.00), (0.00, 0.00, -1.00), (0.00, -1.00, 0.00), (0.00, 0.00, 1.00)]
Length: 100
[(1.00, 0.00, 0.00), (1.00, 0.00, 0.00), (1.00, 0.00, 0.00), (0.00, 1.00, 0.00), (1.00, 0.00, 0.00), (0.00, 0.00, 1.00), (-1.00, 0.00, 0.00), (0.00, -1.00, 0.00), (-1.00, 0.00, 0.00), (1.00, 0.00, 0.00), (1.00, 0.00, 0.00), (1.00, 0.00, 0.00), (1.00, 0.00, 0.00), (1.00, 0.00, 0.00), (0.00, 0.00, 1.00), (1.00, 0.00, 0.00), (0.00, 1.00, 0.00), (0.00, -1.00, 0.00), (0.00, 1.00, 0.00), (0.00, 0.00, -1.00), (0.00, 0.00, 1.00), (-1.00, 0.00, 0.00), (-1.00, 0.00, 0.00), (0.00, 0.00, 1.00), (0.00, -1.00, 0.00), (-1.00, 0.00, 0.00), (0.00, 0.00, 1.00), (0.00, 1.00, 0.00), (0.00, 0.00, 1.00), (0.00, 0.00, -1.00), (-1.00, 0.00, 0.00), (0.00, 1.00, 0.00), (1.00, 0.00, 0.00), (1.00, 0.00, 0.00), (0.00, -1.00, 0.00), (0.00, 1.00, 0.00), (0.00, 0.00, -1.00), (0.00, 0.00, -1.00), (0.00, 1.00, 0.00), (0.00, 1.00, 0.00), (-1.00, 0.00, 0.00), (1.00, 0.00, 0.00), (-1.00, 0.00, 0.00), (0.00, 0.00, 1.00), (0.00, -1.00, 0.00), (1.00, 0.00, 0.00), (0.00, 1.00, 0.00), (0.00, 0.00, 1.00), (-1.00, 0.00, 0.00), (-1.00, 0.00, 0.00), (0.00, 0.00, 1.00), (0.00, -1.00, 0.00), (1.00, 0.00, 0.00), (1.00, 0.00, 0.00), (1.00, 0.00, 0.00), (1.00, 0.00, 0.00), (0.00, -1.00, 0.00), (0.00, 0.00, 1.00), (0.00, 0.00, -1.00), (0.00, -1.00, 0.00), (-1.00, 0.00, 0.00), (0.00, 0.00, -1.00), (0.00, 0.00, 1.00), (0.00, 0.00, -1.00), (0.00, 1.00, 0.00), (-1.00, 0.00, 0.00), (0.00, 0.00, -1.00), (0.00, 1.00, 0.00), (0.00, -1.00, 0.00), (-1.00, 0.00, 0.00), (0.00, 1.00, 0.00), (0.00, -1.00, 0.00), (0.00, 0.00, -1.00), (0.00, 0.00, -1.00), (1.00, 0.00, 0.00), (1.00, 0.00, 0.00), (0.00, -1.00, 0.00), (0.00, 0.00, 1.00), (0.00, 1.00, 0.00), (0.00, 0.00, 1.00), (0.00, 0.00, 1.00), (0.00, 0.00, -1.00), (-1.00, 0.00, 0.00), (-1.00, 0.00, 0.00), (0.00, 0.00, 1.00), (0.00, 0.00, 1.00), (0.00, -1.00, 0.00), (0.00, -1.00, 0.00), (0.00, 0.00, 1.00), (0.00, 0.00, -1.00), (0.00, 0.00, -1.00), (0.00, 0.00, 1.00), (0.00, 0.00, 1.00), (0.00, 1.00, 0.00), (-1.00, 0.00, 0.00), (0.00, 0.00, -1.00), (-1.00, 0.00, 0.00), (-1.00, 0.00, 0.00), (0.00, -1.00, 0.00), (-1.00, 0.00, 0.00)]
Length: 100
[(0.00, 1.00, 0.00), (0.00, 0.00, 1.00), (1.00, 0.00, 0.00), (0.00, 0.00, 1.00), (0.00, 1.00, 0.00), (0.00, -1.00, 0.00), (1.00, 0.00, 0.00), (-1.00, 0.00, 0.00), (0.00, 0.00, 1.00), (0.00, 1.00, 0.00), (0.00, 1.00, 0.00), (0.00, -1.00, 0.00), (1.00, 0.00, 0.00), (0.00, 0.00, -1.00), (0.00, -1.00, 0.00), (0.00, -1.00, 0.00), (1.00, 0.00, 0.00), (0.00, 1.00, 0.00), (0.00, 0.00, -1.00), (-1.00, 0.00, 0.00), (1.00, 0.00, 0.00), (0.00, 1.00, 0.00), (0.00, -1.00, 0.00), (0.00, -1.00, 0.00), (0.00, 1.00, 0.00), (0.00, 1.00, 0.00), (0.00, 0.00, 1.00), (0.00, 0.00, 1.00), (0.00, 1.00, 0.00), (1.00, 0.00, 0.00), (0.00, 1.00, 0.00), (1.00, 0.00, 0.00), (1.00, 0.00, 0.00), (0.00, 0.00, 1.00), (0.00, 0.00, 1.00), (0.00, 1.00, 0.00), (1.00, 0.00, 0.00), (0.00, -1.00, 0.00), (0.00, 0.00, 1.00), (0.00, 0.00, 1.00), (0.00, 1.00, 0.00), (0.00, 0.00, -1.00), (-1.00, 0.00, 0.00), (0.00, 0.00, -1.00), (1.00, 0.00, 0.00), (-1.00, 0.00, 0.00), (0.00, 0.00, 1.00), (0.00, 0.00, -1.00), (-1.00, 0.00, 0.00), (0.00, 0.00, -1.00), (0.00, -1.00, 0.00), (0.00, 0.00, -1.00), (1.00, 0.00, 0.00), (0.00, 0.00, 1.00), (0.00, 1.00, 0.00), (0.00, 1.00, 0.00), (0.00, 1.00, 0.00), (0.00, 0.00, -1.00), (0.00, 0.00, 1.00), (0.00, -1.00, 0.00), (0.00, -1.00, 0.00), (-1.00, 0.00, 0.00), (0.00, 1.00, 0.00), (0.00, -1.00, 0.00), (0.00, 0.00, 1.00), (1.00, 0.00, 0.00), (1.00, 0.00, 0.00), (0.00, 1.00, 0.00), (0.00, 0.00, 1.00), (0.00, 0.00, -1.00), (0.00, 0.00, 1.00), (0.00, 1.00, 0.00), (0.00, -1.00, 0.00), (0.00, 1.00, 0.00), (1.00, 0.00, 0.00), (0.00, 0.00, -1.00), (-1.00, 0.00, 0.00), (0.00, 0.00, 1.00), (0.00, -1.00, 0.00), (0.00, 0.00, -1.00), (-1.00, 0.00, 0.00), (0.00, -1.00, 0.00), (0.00, 1.00, 0.00), (0.00, 0.00, -1.00), (0.00, -1.00, 0.00), (0.00, -1.00, 0.00), (1.00, 0.00, 0.00), (-1.00, 0.00, 0.00), (0.00, 0.00, -1.00), (0.00, 1.00, 0.00), (1.00, 0.00, 0.00), (-1.00, 0.00, 0.00), (0.00, -1.00, 0.00), (-1.00, 0.00, 0.00), (0.00, 0.00, -1.00), (0.00, -1.00, 0.00), (1.00, 0.00, 0.00), (-1.00, 0.00, 0.00), (0.00, 0.00, -1.00), (0.00, 1.00, 0.00)]
Length: 100
[(1.00, 0.00, 0.00), (0.00, 0.00, 1.00), (0.00, 1.00, 0.00), (0.00, 1.00, 0.00), (0.00, 0.00, 1.00), (-1.00, 0.00, 0.00), (0.00, 0.00, -1.00), (0.00, -1.00, 0.00), (1.00, 0.00, 0.00), (0.00, -1.00, 0.00), (1.00, 0.00, 0.00), (0.00, 1.00, 0.00), (0.00, 0.00, -1.00), (0.00, 1.00, 0.00), (1.00, 0.00, 0.00), (-1.00, 0.00, 0.00), (-1.00, 0.00, 0.00), (-1.00, 0.00, 0.00), (1.00, 0.00, 0.00), (1.00, 0.00, 0.00), (-1.00, 0.00, 0.00), (0.00, 1.00, 0.00), (0.00, 0.00, 1.00), (0.00, 0.00, 1.00), (0.00, -1.00, 0.00), (0.00, 0.00, 1.00), (0.00, 1.00, 0.00), (0.00, 1.00, 0.00), (0.00, -1.00, 0.00), (0.00, 1.00, 0.00), (0.00, 0.00, -1.00), (0.00, 0.00, -1.00), (0.00, -1.00, 0.00), (1.00, 0.00, 0.00), (0.00, 1.00, 0.00), (-1.00, 0.00, 0.00), (1.00, 0.00, 0.00), (-1.00, 0.00, 0.00), (0.00, -1.00, 0.00), (0.00, -1.00, 0.00), (1.00, 0.00, 0.00), (0.00, -1.00, 0.00), (-1.00, 0.00, 0.00), (1.00, 0.00, 0.00), (0.00, -1.00, 0.00), (1.00, 0.00, 0.00), (-1.00, 0.00, 0.00), (1.00, 0.00, 0.00), (-1.00, 0.00, 0.00), (0.00, 1.00, 0.00), (0.00, 0.00, -1.00), (-1.00, 0.00, 0.00), (0.00, 0.00, 1.00), (0.00, 1.00, 0.00), (1.00, 0.00, 0.00), (0.00, -1.00, 0.00), (0.00, 0.00, -1.00), (0.00, 1.00, 0.00), (0.00, 1.00, 0.00), (0.00, 1.00, 0.00), (0.00, 0.00, 1.00), (0.00, -1.00, 0.00), (0.00, -1.00, 0.00), (1.00, 0.00, 0.00), (1.00, 0.00, 0.00), (1.00, 0.00, 0.00), (0.00, 0.00, 1.00), (0.00, 1.00, 0.00), (1.00, 0.00, 0.00), (-1.00, 0.00, 0.00), (0.00, 0.00, 1.00), (-1.00, 0.00, 0.00), (0.00, 0.00, -1.00), (0.00, 1.00, 0.00), (0.00, 1.00, 0.00), (0.00, 1.00, 0.00), (0.00, -1.00, 0.00), (0.00, 0.00, 1.00), (1.00, 0.00, 0.00), (0.00, 0.00, -1.00), (-1.00, 0.00, 0.00), (-1.00, 0.00, 0.00), (0.00, -1.00, 0.00), (0.00, 1.00, 0.00), (-1.00, 0.00, 0.00), (0.00, 1.00, 0.00), (0.00, -1.00, 0.00), (0.00, -1.00, 0.00), (0.00, 0.00, 1.00), (-1.00, 0.00, 0.00), (1.00, 0.00, 0.00), (-1.00, 0.00, 0.00), (1.00, 0.00, 0.00), (1.00, 0.00, 0.00), (-1.00, 0.00, 0.00), (-1.00, 0.00, 0.00), (-1.00, 0.00, 0.00), (0.00, -1.00, 0.00), (0.00, -1.00, 0.00), (0.00, 0.00, -1.00)]
Length: 100
[(0.00, 1.00, 0.00), (0.00, -1.00, 0.00), (0.00, 0.00, 1.00), (0.00, 1.00, 0.00), (1.00, 0.00, 0.00), (0.00, -1.00, 0.00), (0.00, 0.00, -1.00), (0.00, 0.00, 1.00), (1.00, 0.00, 0.00), (0.00, 0.00, 1.00), (0.00, 1.00, 0.00), (1.00, 0.00, 0.00), (0.00, 0.00, 1.00), (0.00, 0.00, -1.00), (0.00, 0.00, 1.00), (-1.00, 0.00, 0.00), (-1.00, 0.00, 0.00), (-1.00, 0.00, 0.00), (0.00, 0.00, 1.00), (0.00, 0.00, 1.00), (0.00, -1.00, 0.00), (0.00, 0.00, 1.00), (0.00, 0.00, -1.00), (1.00, 0.00, 0.00), (0.00, 0.00, -1.00), (0.00, 1.00, 0.00), (0.00, -1.00, 0.00), (1.00, 0.00, 0.00), (0.00, 0.00, 1.00), (0.00, 1.00, 0.00), (0.00, 0.00, -1.00), (-1.00, 0.00, 0.00), (0.00, 0.00, -1.00), (0.00, 0.00, 1.00), (1.00, 0.00, 0.00), (0.00, 1.00, 0.00), (0.00, 0.00, 1.00), (-1.00, 0.00, 0.00), (0.00, 0.00, 1.00), (0.00, 0.00, -1.00), (0.00, 0.00, 1.00), (1.00, 0.00, 0.00), (0.00, 0.00, -1.00), (0.00, -1.00, 0.00), (0.00, 0.00, 1.00), (0.00, 0.00, -1.00), (0.00, 0.00, -1.00), (0.00, 0.00, 1.00), (0.00, -1.00, 0.00), (0.00, 1.00, 0.00), (0.00, 0.00, 1.00), (1.00, 0.00, 0.00), (0.00, 0.00, 1.00), (0.00, 0.00, -1.00), (0.00, 0.00, 1.00), (-1.00, 0.00, 0.00), (1.00, 0.00, 0.00), (1.00, 0.00, 0.00), (-1.00, 0.00, 0.00), (0.00, 0.00, -1.00), (0.00, 1.00, 0.00), (0.00, 0.00, 1.00), (0.00, 1.00, 0.00), (-1.00, 0.00, 0.00), (0.00, -1.00, 0.00), (1.00, 0.00, 0.00), (0.00, 0.00, 1.00), (0.00, -1.00, 0.00), (0.00, 0.00, -1.00), (1.00, 0.00, 0.00), (0.00, 0.00, -1.00), (0.00, -1.00, 0.00), (1.00, 0.00, 0.00), (0.00, 1.00, 0.00), (0.00, 0.00, -1.00), (0.00, 0.00, 1.00), (0.00, 0.00, 1.00), (0.00, 1.00, 0.00), (1.00, 0.00, 0.00), (-1.00, 0.00, 0.00), (0.00, 0.00, -1.00), (0.00, -1.00, 0.00), (-1.00, 0.00, 0.00), (-1.00, 0.00, 0.00), (0.00, 0.00, 1.00), (1.00, 0.00, 0.00), (0.00, -1.00, 0.00), (0.00, 1.00, 0.00), (1.00, 0.00, 0.00), (0.00, 1.00, 0.00), (1.00, 0.00, 0.00), (0.00, 0.00, 1.00), (-1.00, 0.00, 0.00), (0.00, 0.00, 1.00), (0.00, 1.00, 0.00), (0.00, 1.00, 0.00), (0.00, 0.00, 1.00), (0.00, 0.00, -1.00), (0.00, 0.00, 1.00), (-1.00, 0.00, 0.00)]
Length: 100
[(1.00, 0.00, 0.00), (-1.00, 0.00, 0.00), (1.00, 0.00, 0.00), (0.00, 0.00, 1.00), (0.00, 0.00, 1.00), (0.00, 0.00, -1.00), (0.00, 1.00, 0.00), (1.00, 0.00, 0.00), (0.00, 1.00, 0.00), (0.00, 0.00, 1.00), (0.00, 0.00, -1.00), (0.00, 0.00, 1.00), (-1.00, 0.00, 0.00), (0.00, 0.00, 1.00), (0.00, 0.00, -1.00), (-1.00, 0.00, 0.00), (1.00, 0.00, 0.00), (-1.00, 0.00, 0.00), (1.00, 0.00, 0.00), (0.00, 0.00, 1.00), (0.00, 1.00, 0.00), (0.00, 0.00, -1.00), (1.00, 0.00, 0.00), (1.00, 0.00, 0.00), (-1.00, 0.00, 0.00), (1.00, 0.00, 0.00), (0.00, 0.00, 1.00), (1.00, 0.00, 0.00), (0.00, -1.00, 0.00), (0.00, 1.00, 0.00), (-1.00, 0.00, 0.00), (0.00, 1.00, 0.00), (1.00, 0.00, 0.00), (0.00, 1.00, 0.00), (0.00, 1.00, 0.00), (0.00, 1.00, 0.00), (0.00, 1.00, 0.00), (-1.00, 0.00, 0.00), (0.00, 0.00, 1.00), (0.00, 0.00, -1.00), (0.00, 0.00, 1.00), (1.00, 0.00, 0.00), (0.00, -1.00, 0.00), (1.00, 0.00, 0.00), (-1.00, 0.00, 0.00), (1.00, 0.00, 0.00), (0.00, 0.00, 1.00), (1.00, 0.00, 0.00), (0.00, 1.00, 0.00), (1.00, 0.00, 0.00), (0.00, 0.00, -1.00), (0.00, 1.00, 0.00), (0.00, -1.00, 0.00), (1.00, 0.00, 0.00), (0.00, 0.00, -1.00), (0.00, -1.00, 0.00), (1.00, 0.00, 0.00), (0.00, 1.00, 0.00), (0.00, 0.00, -1.00), (-1.00, 0.00, 0.00), (0.00, 0.00, 1.00), (0.00, 0.00, 1.00), (0.00, -1.00, 0.00), (0.00, 1.00, 0.00), (0.00, 1.00, 0.00), (0.00, 0.00, -1.00), (0.00, 0.00, -1.00), (0.00, 0.00, -1.00), (-1.00, 0.00, 0.00), (0.00, -1.00, 0.00), (-1.00, 0.00, 0.00), (-1.00, 0.00, 0.00), (-1.00, 0.00, 0.00), (0.00, 0.00, 1.00), (0.00, 0.00, -1.00), (-1.00, 0.00, 0.00), (0.00, 0.00, 1.00), (0.00, -1.00, 0.00), (-1.00, 0.00, 0.00), (0.00, 0.00, -1.00), (1.00, 0.00, 0.00), (0.00, -1.00, 0.00), (0.00, -1.00, 0.00), (-1.00, 0.00, 0.00), (1.00, 0.00, 0.00), (0.00, 1.00, 0.00), (1.00, 0.00, 0.00), (-1.00, 0.00, 0.00), (0.00, -1.00, 0.00), (0.00, 1.00, 0.00), (0.00, -1.00, 0.00), (-1.00, 0.00, 0.00), (0.00, -1.00, 0.00), (0.00, -1.00, 0.00), (0.00, 0.00, -1.00), (-1.00, 0.00, 0.00), (0.00, 1.00, 0.00), (0.00, -1.00, 0.00), (0.00, 0.00, 1.00), (0.00, 1.00, 0.00)]
Length: 100
[(0.00, 1.00, 0.00), (0.00, 0.00, 1.00), (0.00, 1.00, 0.00), (1.00, 0.00, 0.00), (1.00, 0.00, 0.00), (0.00, 0.00, 1.00), (0.00, 1.00, 0.00), (1.00, 0.00, 0.00), (1.00, 0.00, 0.00), (0.00, 0.00, -1.00), (0.00, 1.00, 0.00), (-1.00, 0.00, 0.00), (0.00, 1.00, 0.00), (0.00, -1.00, 0.00), (0.00, 0.00, 1.00), (1.00, 0.00, 0.00), (1.00, 0.00, 0.00), (1.00, 0.00, 0.00), (0.00, -1.00, 0.00), (1.00, 0.00, 0.00), (0.00, 0.00, 1.00), (-1.00, 0.00, 0.00), (0.00, 0.00, -1.00), (-1.00, 0.00, 0.00), (0.00, 0.00, 1.00), (0.00, 0.00, 1.00), (0.00, 0.00, -1.00), (0.00, 1.00, 0.00), (-1.00, 0.00, 0.00), (0.00, 1.00, 0.00), (-1.00, 0.00, 0.00), (0.00, -1.00, 0.00), (0.00, 0.00, 1.00), (0.00, 1.00, 0.00), (-1.00, 0.00, 0.00), (0.00, 0.00, 1.00), (-1.00, 0.00, 0.00), (0.00, 1.00, 0.00), (0.00, 0.00, 1.00), (0.00, 0.00, -1.00), (0.00, 0.00, 1.00), (0.00, -1.00, 0.00), (0.00, 0.00, 1.00), (0.00, -1.00, 0.00), (1.00, 0.00, 0.00), (0.00, 0.00, -1.00), (0.00, 1.00, 0.00), (0.00, 0.00, -1.00), (0.00, 0.00, -1.00), (0.00, 0.00, 1.00), (0.00, -1.00, 0.00), (1.00, 0.00, 0.00), (1.00, 0.00, 0.00), (0.00, 0.00, -1.00), (-1.00, 0.00, 0.00), (-1.00, 0.00, 0.00), (0.00, 0.00, -1.00), (1.00, 0.00, 0.00), (0.00, 0.00, -1.00), (0.00, 1.00, 0.00), (0.00, 0.00, -1.00), (-1.00, 0.00, 0.00), (0.00, 0.00, 1.00), (0.00, 1.00, 0.00), (1.00, 0.00, 0.00), (0.00, 1.00, 0.00), (1.00, 0.00, 0.00), (0.00, -1.00, 0.00), (-1.00, 0.00, 0.00), (0.00, 0.00, -1.00), (0.00, 0.00, -1.00), (0.00, 0.00, 1.00), (0.00, 0.00, -1.00), (-1.00, 0.00, 0.00), (0.00, 0.00, 1.00), (1.00, 0.00, 0.00), (1.00, 0.00, 0.00), (0.00, 0.00, 1.00), (0.00, -1.00, 0.00), (1.00, 0.00, 0.00), (-1.00, 0.00, 0.00), (-1.00, 0.00, 0.00), (1.00, 0.00, 0.00), (0.00, 0.00, 1.00), (1.00, 0.00, 0.00), (0.00, -1.00, 0.00), (-1.00, 0.00, 0.00), (-1.00, 0.00, 0.00), (0.00, 0.00, 1.00), (0.00, 0.00, 1.00), (-1.00, 0.00, 0.00), (-1.00, 0.00, 0.00), (0.00, -1.00, 0.00), (0.00, 0.00, -1.00), (0.00, 1.00, 0.00), (1.00, 0.00, 0.00), (0.00, 0.00, -1.00), (-1.00, 0.00, 0.00), (0.00, 0.00, -1.00), (0.00, 0.00, 1.00)]
Length: 100
[(0.00, 1.00, 0.00), (1.00, 0.00, 0.00), (0.00, 0.00, 1.00), (1.00, 0.00, 0.00), (0.00, 1.00, 0.00), (0.00, 0.00, -1.00), (0.00, 1.00, 0.00), (0.00, 0.00, 1.00), (0.00, 0.00, -1.00), (0.00, 0.00, 1.00), (0.00, 1.00, 0.00), (0.00, 0.00, 1.00), (0.00, 0.00, 1.00), (0.00, 1.00, 0.00), (1.00, 0.00, 0.00), (0.00, 0.00, -1.00), (0.00, 0.00, 1.00), (0.00, 1.00, 0.00), (0.00, 0.00, -1.00), (0.00, 0.00, -1.00), (1.00, 0.00, 0.00), (1.00, 0.00, 0.00), (1.00, 0.00, 0.00), (0.00, -1.00, 0.00), (0.00, 0.00, -1.00), (-1.00, 0.00, 0.00), (0.00, 1.00, 0.00), (0.00, 0.00, 1.00), (-1.00, 0.00, 0.00), (0.00, -1.00, 0.00), (0.00, 0.00, 1.00), (1.00, 0.00, 0.00), (0.00, -1.00, 0.00), (-1.00, 0.00, 0.00), (0.00, 0.00, -1.00), (1.00, 0.00, 0.00), (0.00, 0.00, 1.00), (0.00, 1.00, 0.00), (0.00, 1.00, 0.00), (0.00, 0.00, 1.00), (0.00, -1.00, 0.00), (1.00, 0.00, 0.00), (1.00, 0.00, 0.00), (0.00, 0.00, 1.00), (0.00, 0.00, -1.00), (-1.00, 0.00, 0.00), (0.00, -1.00, 0.00), (0.00, 1.00, 0.00), (0.00, 0.00, 1.00), (-1.00, 0.00, 0.00), (0.00, 0.00, -1.00), (-1.00, 0.00, 0.00), (0.00, 1.00, 0.00), (0.00, 0.00, -1.00), (0.00, 1.00, 0.00), (0.00, -1.00, 0.00), (0.00, 0.00, -1.00), (0.00, 0.00, -1.00), (-1.00, 0.00, 0.00), (0.00, 0.00, 1.00), (0.00, 0.00, 1.00), (1.00, 0.00, 0.00), (0.00, 0.00, -1.00), (-1.00, 0.00, 0.00), (-1.00, 0.00, 0.00), (0.00, -1.00, 0.00), (0.00, 0.00, 1.00), (0.00, 1.00, 0.00), (-1.00, 0.00, 0.00), (0.00, -1.00, 0.00), (0.00, 0.00, 1.00), (0.00, 0.00, 1.00), (0.00, 1.00, 0.00), (-1.00, 0.00, 0.00), (0.00, 0.00, -1.00), (1.00, 0.00, 0.00), (1.00, 0.00, 0.00), (0.00, -1.00, 0.00), (0.00, 1.00, 0.00), (0.00, 0.00, 1.00), (1.00, 0.00, 0.00), (1.00, 0.00, 0.00), (0.00, 1.00, 0.00), (-1.00, 0.00, 0.00), (-1.00, 0.00, 0.00), (1.00, 0.00, 0.00), (0.00, 0.00, -1.00), (0.00, 0.00, 1.00), (0.00, 0.00, -1.00), (0.00, 1.00, 0.00), (-1.00, 0.00, 0.00), (0.00, 0.00, -1.00), (0.00, -1.00, 0.00), (0.00, 0.00, -1.00), (0.00, 0.00, -1.00), (1.00, 0.00, 0.00), (0.00, -1.00, 0.00), (-1.00, 0.00, 0.00), (1.00, 0.00, 0.00), (1.00, 0.00, 0.00)]
Current Generation Method: Boltzmann
Current Stepset: [(1.00, 0.00, 0.00), (0.00, 1.00, 0.00), (0.00, 0.00, 1.00), (-1.00, 0.00, 0.00), (-1.00, 0.00, 0.00), (0.00, -1.00, 0.00), (0.00, -1.00, 0.00), (0.00, 0.00, -1.00), (0.00, 0.00, -1.00)]
Length: 104
[(0.00, 1.00, 0.00), (1.00, 0.00, 0.00), (0.00, 0.00, 1.00), (0.00, 0.00, -1.00), (0.00, 0.00, 1.00), (1.00, 0.00, 0.00), (0.00, 1.00, 0.00), (-1.00, 0.00, 0.00), (0.00, 0.00, 1.00), (0.00, 1.00, 0.00), (0.00, 1.00, 0.00), (0.00, 0.00, 1.00), (0.00, 1.00, 0.00), (0.00, -1.00, 0.00), (1.00, 0.00, 0.00), (0.00, 0.00, -1.00), (-1.00, 0.00, 0.00), (1.00, 0.00, 0.00), (0.00, 0.00, -1.00), (0.00, 0.00, -1.00), (1.00, 0.00, 0.00), (0.00, 0.00, 1.00), (0.00, -1.00, 0.00), (-1.00, 0.00, 0.00), (-1.00, 0.00, 0.00), (0.00, -1.00, 0.00), (1.00, 0.00, 0.00), (0.00, -1.00, 0.00), (0.00, 1.00, 0.00), (0.00, 1.00, 0.00), (-1.00, 0.00, 0.00), (0.00, -1.00, 0.00), (0.00, 0.00, 1.00), (0.00, -1.00, 0.00), (-1.00, 0.00, 0.00), (1.00, 0.00, 0.00), (0.00, 0.00, 1.00), (0.00, 0.00, 1.00), (1.00, 0.00, 0.00), (0.00, 1.00, 0.00), (-1.00, 0.00, 0.00), (0.00, 0.00, 1.00), (0.00, 1.00, 0.00), (0.00, 0.00, -1.00), (0.00, 1.00, 0.00), (1.00, 0.00, 0.00), (0.00, 0.00, 1.00), (0.00, 1.00, 0.00), (1.00, 0.00, 0.00), (-1.00, 0.00, 0.00), (0.00, 0.00, -1.00), (0.00, 0.00, 1.00), (0.00, -1.00, 0.00), (0.00, 0.00, -1.00), (0.00, -1.00, 0.00), (0.00, 1.00, 0.00), (0.00, 1.00, 0.00), (-1.00, 0.00, 0.00), (0.00, 0.00, 1.00), (0.00, 0.00, 1.00), (1.00, 0.00, 0.00), (1.00, 0.00, 0.00), (0.00, 0.00, 1.00), (0.00, 0.00, -1.00), (0.00, -1.00, 0.00), (0.00, -1.00, 0.00), (0.00, 1.00, 0.00), (0.00, -1.00, 0.00), (0.00, 0.00, -1.00), (-1.00, 0.00, 0.00), (0.00, 1.00, 0.00), (-1.00, 0.00, 0.00), (1.00, 0.00, 0.00), (0.00, -1.00, 0.00), (1.00, 0.00, 0.00), (0.00, 0.00, 1.00), (-1.00, 0.00, 0.00), (1.00, 0.00, 0.00), (0.00, -1.00, 0.00), (0.00, -1.00, 0.00), (-1.00, 0.00, 0.00), (-1.00, 0.00, 0.00), (-1.00, 0.00, 0.00), (0.00, 1.00, 0.00), (0.00, 0.00, -1.00), (1.00, 0.00, 0.00), (0.00, 0.00, -1.00), (-1.00, 0.00, 0.00), (0.00, 1.00, 0.00), (0.00, -1.00, 0.00), (0.00, 0.00, 1.00), (0.00, 0.00, -1.00), (0.00, 1.00, 0.00), (0.00, 0.00, -1.00), (0.00, 0.00, 1.00), (0.00, 0.00, -1.00), (0.00, 0.00, -1.00), (1.00, 0.00, 0.00), (0.00, -1.00, 0.00), (0.00, -1.00, 0.00), (0.00, 0.00, 1.00), (0.00, -1.00, 0.00), (0.00, 0.00, -1.00), (0.00, 0.00, 1.00)]
Length: 95
[(1.00, 0.00, 0.00), (0.00, 0.00, 1.00), (1.00, 0.00, 0.00), (-1.00, 0.00, 0.00), (0.00, 0.00, 1.00), (0.00, 0.00, 1.00), (0.00, 0.00, 1.00), (0.00, 0.00, 1.00), (1.00, 0.00, 0.00), (0.00, 0.00, 1.00), (0.00, 1.00, 0.00), (0.00, 1.00, 0.00), (1.00, 0.00, 0.00), (0.00, 0.00, -1.00), (0.00, 0.00, 1.00), (0.00, 0.00, 1.00), (0.00, 0.00, 1.00), (0.00, 0.00, 1.00), (0.00, 1.00, 0.00), (0.00, -1.00, 0.00), (-1.00, 0.00, 0.00), (-1.00, 0.00, 0.00), (0.00, 0.00, 1.00), (0.00, -1.00, 0.00), (0.00, 0.00, 1.00), (0.00, 0.00, 1.00), (0.00, 0.00, 1.00), (1.00, 0.00, 0.00), (1.00, 0.00, 0.00), (0.00, -1.00, 0.00), (0.00, 1.00, 0.00), (0.00, 0.00, 1.00), (0.00, 0.00, 1.00), (0.00, 0.00, 1.00), (0.00, -1.00, 0.00), (0.00, 1.00, 0.00), (0.00, 1.00, 0.00), (0.00, 1.00, 0.00), (1.00, 0.00, 0.00), (0.00, -1.00, 0.00), (0.00, 0.00, -1.00), (1.00, 0.00, 0.00), (1.00, 0.00, 0.00), (0.00, 0.00, -1.00), (1.00, 0.00, 0.00), (-1.00, 0.00, 0.00), (0.00, 0.00, 1.00), (0.00, 0.00, -1.00), (-1.00, 0.00, 0.00), (1.00, 0.00, 0.00), (0.00, 0.00, 1.00), (0.00, 1.00, 0.00), (0.00, 0.00, 1.00), (0.00, 1.00, 0.00), (-1.00, 0.00, 0.00), (0.00, -1.00, 0.00), (0.00, 0.00, -1.00), (0.00, 0.00, 1.00), (0.00, -1.00, 0.00), (0.00, 0.00, -1.00), (0.00, -1.00, 0.00), (0.00, 0.00, 1.00), (1.00, 0.00, 0.00), (0.00, 0.00, 1.00), (-1.00, 0.00, 0.00), (0.00, -1.00, 0.00), (0.00, 0.00, -1.00), (1.00, 0.00, 0.00), (-1.00, 0.00, 0.00), (1.00, 0.00, 0.00), (0.00, 1.00, 0.00), (0.00, 0.00, 1.00), (0.00, 0.00, 1.00), (-1.00, 0.00, 0.00), (0.00, 1.00, 0.00), (0.00, 0.00, 1.00), (0.00, 1.00, 0.00), (-1.00, 0.00, 0.00), (0.00, 0.00, 1.00), (0.00, 1.00, 0.00), (1.00, 0.00, 0.00), (0.00, 0.00, -1.00), (1.00, 0.00, 0.00), (0.00, 0.00, -1.00), (0.00, -1.00, 0.00), (0.00, 0.00, -1.00), (0.00, 0.00, -1.00), (0.00, 0.00, -1.00), (0.00, 0.00, -1.00), (0.00, -1.00, 0.00), (0.00, 1.00, 0.00), (0.00, 0.00, 1.00), (0.00, 1.00, 0.00), (0.00, 1.00, 0.00), (0.00, 0.00, -1.00)]
Length: 96
[(1.00, 0.00, 0.00), (0.00, 1.00, 0.00), (0.00, 0.00, 1.00), (0.00, 0.00, 1.00), (0.00, 1.00, 0.00), (0.00, 1.00, 0.00), (1.00, 0.00, 0.00), (0.00, 0.00, 1.00), (-1.00, 0.00, 0.00), (0.00, 0.00, -1.00), (1.00, 0.00, 0.00), (1.00, 0.00, 0.00), (0.00, 0.00, 1.00), (0.00, 1.00, 0.00), (0.00, 0.00, 1.00), (1.00, 0.00, 0.00), (-1.00, 0.00, 0.00), (0.00, 0.00, 1.00), (0.00, -1.00, 0.00), (0.00, 0.00, -1.00), (0.00, 0.00, 1.00), (0.00, -1.00, 0.00), (0.00, 0.00, 1.00), (1.00, 0.00, 0.00), (0.00, 1.00, 0.00), (0.00, 0.00, -1.00), (0.00, 0.00, -1.00), (0.00, 0.00, -1.00), (0.00, 1.00, 0.00), (1.00, 0.00, 0.00), (1.00, 0.00, 0.00), (0.00, 0.00, -1.00), (0.00, 1.00, 0.00), (0.00, -1.00, 0.00), (-1.00, 0.00, 0.00), (0.00, 1.00, 0.00), (0.00, -1.00, 0.00), (0.00, 0.00, 1.00), (1.00, 0.00, 0.00), (1.00, 0.00, 0.00), (0.00, 0.00, 1.00), (-1.00, 0.00, 0.00), (0.00, 0.00, -1.00), (-1.00, 0.00, 0.00), (1.00, 0.00, 0.00), (0.00, 0.00, -1.00), (0.00, 0.00, 1.00), (0.00, 0.00, -1.00), (0.00, 1.00, 0.00), (0.00, 0.00, -1.00), (-1.00, 0.00, 0.00), (0.00, -1.00, 0.00), (0.00, 0.00, 1.00), (0.00, 1.00, 0.00), (-1.00, 0.00, 0.00), (0.00, -1.00, 0.00), (0.00, 0.00, 1.00), (-1.00, 0.00, 0.00), (-1.00, 0.00, 0.00), (-1.00, 0.00, 0.00), (-1.00, 0.00, 0.00), (1.00, 0.00, 0.00), (0.00, -1.00, 0.00), (1.00, 0.00, 0.00), (0.00, 0.00, -1.00), (0.00, -1.00, 0.00), (0.00, 0.00, 1.00), (0.00, 1.00, 0.00), (0.00, 1.00, 0.00), (0.00, 0.00, -1.00), (0.00, 1.00, 0.00), (0.00, -1.00, 0.00), (0.00, -1.00, 0.00), (0.00, 0.00, -1.00), (0.00, 0.00, 1.00), (0.00, 1.00, 0.00), (1.00, 0.00, 0.00), (-1.00, 0.00, 0.00), (0.00, 0.00, -1.00), (-1.00, 0.00, 0.00), (0.00, 0.00, 1.00), (-1.00, 0.00, 0.00), (0.00, 1.00, 0.00), (0.00, 0.00, 1.00), (0.00, 0.00, -1.00), (0.00, -1.00, 0.00), (0.00, 0.00, 1.00), (0.00, 0.00, -1.00), (1.00, 0.00, 0.00), (0.00, -1.00, 0.00), (-1.00, 0.00, 0.00), (0.00, -1.00, 0.00), (0.00, 0.00, -1.00), (0.00, -1.00, 0.00), (0.00, -1.00, 0.00), (0.00, 0.00, -1.00)]
Length: 104
[(0.00, 1.00, 0.00), (0.00, 0.00, 1.00), (1.00, 0.00, 0.00), (0.00, -1.00, 0.00), (-1.00, 0.00, 0.00), (1.00, 0.00, 0.00), (0.00, 1.00, 0.00), (0.00, 0.00, -1.00), (0.00, 1.00, 0.00), (1.00, 0.00, 0.00), (0.00, 1.00, 0.00), (0.00, 0.00, 1.00), (-1.00, 0.00, 0.00), (1.00, 0.00, 0.00), (0.00, 1.00, 0.00), (0.00, -1.00, 0.00), (0.00, -1.00, 0.00), (0.00, 1.00, 0.00), (0.00, -1.00, 0.00), (0.00, 0.00, 1.00), (0.00, 0.00, -1.00), (1.00, 0.00, 0.00), (0.00, -1.00, 0.00), (0.00, 1.00, 0.00), (1.00, 0.00, 0.00), (0.00, -1.00, 0.00), (0.00, 1.00, 0.00), (1.00, 0.00, 0.00), (0.00, 0.00, -1.00), (1.00, 0.00, 0.00), (0.00, 0.00, 1.00), (0.00, 0.00, -1.00), (0.00, 0.00, 1.00), (1.00, 0.00, 0.00), (0.00, 1.00, 0.00), (-1.00, 0.00, 0.00), (0.00, 0.00, -1.00), (0.00, 0.00, 1.00), (0.00, -1.00, 0.00), (-1.00, 0.00, 0.00), (0.00, -1.00, 0.00), (0.00, 1.00, 0.00), (0.00, -1.00, 0.00), (0.00, 0.00, 1.00), (0.00, 1.00, 0.00), (0.00, -1.00, 0.00), (-1.00, 0.00, 0.00), (0.00, -1.00, 0.00), (-1.00, 0.00, 0.00), (0.00, 0.00, 1.00), (0.00, 1.00, 0.00), (1.00, 0.00, 0.00), (-1.00, 0.00, 0.00), (0.00, 0.00, -1.00), (0.00, 1.00, 0.00), (0.00, 1.00, 0.00), (0.00, -1.00, 0.00), (1.00, 0.00, 0.00), (0.00, 0.00, -1.00), (1.00, 0.00, 0.00), (0.00, 0.00, 1.00), (-1.00, 0.00, 0.00), (0.00, -1.00, 0.00), (0.00, 0.00, -1.00), (0.00, -1.00, 0.00), (0.00, 1.00, 0.00), (0.00, 1.00, 0.00), (-1.00, 0.00, 0.00), (0.00, -1.00, 0.00), (0.00, 0.00, 1.00), (0.00, 0.00, -1.00), (-1.00, 0.00, 0.00), (0.00, 1.00, 0.00), (0.00, -1.00, 0.00), (-1.00, 0.00, 0.00), (1.00, 0.00, 0.00), (0.00, 0.00, 1.00), (0.00, 0.00, 1.00), (0.00, 0.00, 1.00), (0.00, 0.00, 1.00), (0.00, -1.00, 0.00), (0.00, 0.00, -1.00), (0.00, 0.00, -1.00), (1.00, 0.00, 0.00), (0.00, 0.00, 1.00), (0.00, 1.00, 0.00), (0.00, 1.00, 0.00), (0.00, 0.00, -1.00), (0.00, -1.00, 0.00), (0.00, 1.00, 0.00), (0.00, 1.00, 0.00), (0.00, 0.00, -1.00), (-1.00, 0.00, 0.00), (0.00, 0.00, -1.00), (-1.00, 0.00, 0.00), (0.00, 1.00, 0.00), (1.00, 0.00, 0.00), (-1.00, 0.00, 0.00), (-1.00, 0.00, 0.00), (0.00, 0.00, -1.00), (0.00, 0.00, 1.00), (1.00, 0.00, 0.00), (0.00, 1.00, 0.00), (1.00, 0.00, 0.00)]
Length: 96
[(0.00, 1.00, 0.00), (0.00, 0.00, 1.00), (0.00, 0.00, -1.00), (1.00, 0.00, 0.00), (-1.00, 0.00, 0.00), (0.00, 1.00, 0.00), (0.00, 1.00, 0.00), (0.00, 0.00, 1.00), (0.00, 0.00, 1.00), (0.00, -1.00, 0.00), (1.00, 0.00, 0.00), (-1.00, 0.00, 0.00), (0.00, 1.00, 0.00), (0.00, 0.00, -1.00), (0.00, 0.00, 1.00), (0.00, -1.00, 0.00), (1.00, 0.00, 0.00), (0.00, 0.00, -1.00), (0.00, 1.00, 0.00), (1.00, 0.00, 0.00), (0.00, -1.00, 0.00), (-1.00, 0.00, 0.00), (0.00, 1.00, 0.00), (0.00, -1.00, 0.00), (0.00, -1.00, 0.00), (0.00, -1.00, 0.00), (0.00, 1.00, 0.00), (0.00, 1.00, 0.00), (1.00, 0.00, 0.00), (0.00, 0.00, 1.00), (0.00, 0.00, -1.00), (0.00, 1.00, 0.00), (0.00, 0.00, 1.00), (1.00, 0.00, 0.00), (0.00, 0.00, 1.00), (0.00, 1.00, 0.00), (-1.00, 0.00, 0.00), (1.00, 0.00, 0.00), (0.00, 0.00, 1.00), (-1.00, 0.00, 0.00), (1.00, 0.00, 0.00), (0.00, -1.00, 0.00), (1.00, 0.00, 0.00), (0.00, 1.00, 0.00), (0.00, -1.00, 0.00), (0.00, 1.00, 0.00), (1.00, 0.00, 0.00), (0.00, 1.00, 0.00), (0.00, -1.00, 0.00), (-1.00, 0.00, 0.00), (1.00, 0.00, 0.00), (1.00, 0.00, 0.00), (-1.00, 0.00, 0.00), (-1.00, 0.00, 0.00), (0.00, 0.00, 1.00), (-1.00, 0.00, 0.00), (0.00, 0.00, 1.00), (0.00, 1.00, 0.00), (1.00, 0.00, 0.00), (-1.00, 0.00, 0.00), (1.00, 0.00, 0.00), (0.00, 1.00, 0.00), (0.00, 0.00, 1.00), (0.00, 0.00, -1.00), (0.00, 1.00, 0.00), (-1.00, 0.00, 0.00), (0.00, 0.00, 1.00), (1.00, 0.00, 0.00), (1.00, 0.00, 0.00), (1.00, 0.00, 0.00), (0.00, 1.00, 0.00), (1.00, 0.00, 0.00), (0.00, -1.00, 0.00), (0.00, 0.00, -1.00), (-1.00, 0.00, 0.00), (-1.00, 0.00, 0.00), (-1.00, 0.00, 0.00), (0.00, 0.00, 1.00), (-1.00, 0.00, 0.00), (0.00, -1.00, 0.00), (0.00, -1.00, 0.00), (-1.00, 0.00, 0.00), (0.00, 0.00, -1.00), (0.00, -1.00, 0.00), (0.00, 0.00, -1.00), (1.00, 0.00, 0.00), (-1.00, 0.00, 0.00), (0.00, 1.00, 0.00), (1.00, 0.00, 0.00), (0.00, 0.00, -1.00), (0.00, 0.00, 1.00), (1.00, 0.00, 0.00), (0.00, -1.00, 0.00), (0.00, 0.00, 1.00), (1.00, 0.00, 0.00), (-1.00, 0.00, 0.00)]
Length: 104
[(0.00, 1.00, 0.00), (1.00, 0.00, 0.00), (0.00, 1.00, 0.00), (-1.00, 0.00, 0.00), (0.00, -1.00, 0.00), (0.00, 1.00, 0.00), (0.00, 0.00, 1.00), (0.00, 0.00, -1.00), (0.00, 0.00, 1.00), (0.00, 0.00, 1.00), (0.00, 0.00, 1.00), (1.00, 0.00, 0.00), (0.00, 1.00, 0.00), (0.00, 0.00, 1.00), (0.00, 1.00, 0.00), (0.00, -1.00, 0.00), (0.00, 0.00, -1.00), (-1.00, 0.00, 0.00), (0.00, -1.00, 0.00), (0.00, 0.00, 1.00), (0.00, 0.00, -1.00), (1.00, 0.00, 0.00), (0.00, 0.00, 1.00), (-1.00, 0.00, 0.00), (1.00, 0.00, 0.00), (0.00, 0.00, -1.00), (0.00, -1.00, 0.00), (0.00, 0.00, 1.00), (0.00, 0.00, 1.00), (0.00, 1.00, 0.00), (1.00, 0.00, 0.00), (1.00, 0.00, 0.00), (1.00, 0.00, 0.00), (0.00, 0.00, -1.00), (0.00, 1.00, 0.00), (-1.00, 0.00, 0.00), (1.00, 0.00, 0.00), (0.00, 0.00, 1.00), (0.00, 0.00, 1.00), (0.00, -1.00, 0.00), (0.00, -1.00, 0.00), (0.00, 0.00, -1.00), (0.00, 0.00, -1.00), (-1.00, 0.00, 0.00), (-1.00, 0.00, 0.00), (1.00, 0.00, 0.00), (1.00, 0.00, 0.00), (0.00, 1.00, 0.00), (0.00, 0.00, -1.00), (-1.00, 0.00, 0.00), (0.00, 1.00, 0.00), (0.00, -1.00, 0.00), (0.00, 1.00, 0.00), (0.00, 1.00, 0.00), (0.00, 1.00, 0.00), (0.00, 0.00, 1.00), (1.00, 0.00, 0.00), (0.00, 0.00, -1.00), (0.00, 0.00, 1.00), (0.00, -1.00, 0.00), (1.00, 0.00, 0.00), (1.00, 0.00, 0.00), (0.00, -1.00, 0.00), (0.00, 0.00, 1.00), (0.00, 0.00, -1.00), (0.00, 0.00, 1.00), (0.00, -1.00, 0.00), (1.00, 0.00, 0.00), (0.00, 1.00, 0.00), (0.00, 1.00, 0.00), (0.00, 0.00, 1.00), (0.00, 0.00, 1.00), (0.00, 1.00, 0.00), (0.00, 0.00, -1.00), (0.00, 0.00, -1.00), (0.00, -1.00, 0.00), (0.00, 0.00, 1.00), (1.00, 0.00, 0.00), (0.00, 0.00, -1.00), (0.00, 1.00, 0.00), (0.00, 0.00, 1.00), (0.00, 1.00, 0.00), (0.00, 0.00, 1.00), (0.00, 1.00, 0.00), (1.00, 0.00, 0.00), (-1.00, 0.00, 0.00), (1.00, 0.00, 0.00), (0.00, -1.00, 0.00), (1.00, 0.00, 0.00), (0.00, 1.00, 0.00), (0.00, 1.00, 0.00), (0.00, 0.00, -1.00), (-1.00, 0.00, 0.00), (-1.00, 0.00, 0.00), (0.00, -1.00, 0.00), (0.00, -1.00, 0.00), (1.00, 0.00, 0.00), (0.00, 0.00, -1.00), (-1.00, 0.00, 0.00), (0.00, -1.00, 0.00), (0.00, -1.00, 0.00), (1.00, 0.00, 0.00), (1.00, 0.00, 0.00), (0.00, 1.00, 0.00)]
Length: 103
[(0.00, 1.00, 0.00), (0.00, -1.00, 0.00), (0.00, 0.00, 1.00), (0.00, 1.00, 0.00), (1.00, 0.00, 0.00), (1.00, 0.00, 0.00), (0.00, -1.00, 0.00), (0.00, 1.00, 0.00), (1.00, 0.00, 0.00), (0.00, 0.00, 1.00), (0.00, 0.00, -1.00), (1.00, 0.00, 0.00), (-1.00, 0.00, 0.00), (0.00, 1.00, 0.00), (0.00, 0.00, 1.00), (0.00, 1.00, 0.00), (0.00, 1.00, 0.00), (1.00, 0.00, 0.00), (0.00, -1.00, 0.00), (0.00, 1.00, 0.00), (0.00, 1.00, 0.00), (0.00, 1.00, 0.00), (0.00, 0.00, 1.00), (0.00, 0.00, 1.00), (1.00, 0.00, 0.00), (-1.00, 0.00, 0.00), (0.00, 1.00, 0.00), (0.00, 0.00, -1.00), (1.00, 0.00, 0.00), (0.00, 1.00, 0.00), (-1.00, 0.00, 0.00), (1.00, 0.00, 0.00), (0.00, -1.00, 0.00), (0.00, 0.00, 1.00), (0.00, -1.00, 0.00), (1.00, 0.00, 0.00), (1.00, 0.00, 0.00), (0.00, -1.00, 0.00), (0.00, -1.00, 0.00), (0.00, -1.00, 0.00), (0.00, 0.00, -1.00), (0.00, 1.00, 0.00), (0.00, 0.00, 1.00), (1.00, 0.00, 0.00), (0.00, 0.00, -1.00), (-1.00, 0.00, 0.00), (1.00, 0.00, 0.00), (0.00, -1.00, 0.00), (0.00, 1.00, 0.00), (0.00, -1.00, 0.00), (0.00, 0.00, 1.00), (1.00, 0.00, 0.00), (-1.00, 0.00, 0.00), (0.00, 1.00, 0.00), (0.00, 0.00, 1.00), (1.00, 0.00, 0.00), (-1.00, 0.00, 0.00), (0.00, -1.00, 0.00), (0.00, -1.00, 0.00), (0.00, 1.00, 0.00), (0.00, 1.00, 0.00), (1.00, 0.00, 0.00), (0.00, 0.00, -1.00), (0.00, -1.00, 0.00), (0.00, -1.00, 0.00), (0.00, 1.00, 0.00), (0.00, -1.00, 0.00), (0.00, 1.00, 0.00), (0.00, 0.00, -1.00), (0.00, -1.00, 0.00), (0.00, -1.00, 0.00), (0.00, 1.00, 0.00), (-1.00, 0.00, 0.00), (0.00, 0.00, -1.00), (0.00, -1.00, 0.00), (0.00, 1.00, 0.00), (0.00, 0.00, -1.00), (1.00, 0.00, 0.00), (0.00, -1.00, 0.00), (0.00, -1.00, 0.00), (1.00, 0.00, 0.00), (-1.00, 0.00, 0.00), (-1.00, 0.00, 0.00), (0.00, 1.00, 0.00), (0.00, 1.00, 0.00), (0.00, -1.00, 0.00), (-1.00, 0.00, 0.00), (-1.00, 0.00, 0.00), (-1.00, 0.00, 0.00), (-1.00, 0.00, 0.00), (0.00, 1.00, 0.00), (0.00, -1.00, 0.00), (1.00, 0.00, 0.00), (0.00, 1.00, 0.00), (1.00, 0.00, 0.00), (0.00, 0.00, -1.00), (0.00, 1.00, 0.00), (0.00, 0.00, 1.00), (0.00, -1.00, 0.00), (-1.00, 0.00, 0.00), (0.00, 0.00, -1.00), (0.00, -1.00, 0.00), (-1.00, 0.00, 0.00)]
Length: 96
[(1.00, 0.00, 0.00), (0.00, 0.00, 1.00), (0.00, 1.00, 0.00), (0.00, 1.00, 0.00), (1.00, 0.00, 0.00), (0.00, 1.00, 0.00), (0.00, 0.00, -1.00), (0.00, 0.00, 1.00), (0.00, -1.00, 0.00), (1.00, 0.00, 0.00), (0.00, -1.00, 0.00), (-1.00, 0.00, 0.00), (0.00, 1.00, 0.00), (1.00, 0.00, 0.00), (-1.00, 0.00, 0.00), (0.00, 1.00, 0.00), (0.00, 1.00, 0.00), (0.00, 1.00, 0.00), (0.00, 0.00, -1.00), (0.00, 0.00, 1.00), (0.00, 0.00, -1.00), (0.00, -1.00, 0.00), (0.00, 0.00, 1.00), (0.00, 0.00, 1.00), (0.00, 0.00, -1.00), (0.00, 0.00, -1.00), (1.00, 0.00, 0.00), (0.00, 0.00, 1.00), (-1.00, 0.00, 0.00), (0.00, 0.00, 1.00), (0.00, -1.00, 0.00), (0.00, 0.00, -1.00), (0.00, 0.00, 1.00), (0.00, 1.00, 0.00), (0.00, 1.00, 0.00), (-1.00, 0.00, 0.00), (0.00, -1.00, 0.00), (0.00, -1.00, 0.00), (0.00, 1.00, 0.00), (1.00, 0.00, 0.00), (-1.00, 0.00, 0.00), (0.00, 0.00, 1.00), (0.00, 1.00, 0.00), (1.00, 0.00, 0.00), (0.00, 0.00, -1.00), (0.00, 0.00, 1.00), (0.00, 0.00, -1.00), (1.00, 0.00, 0.00), (0.00, 0.00, 1.00), (0.00, -1.00, 0.00), (0.00, 0.00, -1.00), (1.00, 0.00, 0.00), (1.00, 0.00, 0.00), (-1.00, 0.00, 0.00), (0.00, 1.00, 0.00), (1.00, 0.00, 0.00), (1.00, 0.00, 0.00), (0.00, 0.00, -1.00), (0.00, -1.00, 0.00), (-1.00, 0.00, 0.00), (0.00, 0.00, 1.00), (0.00, 1.00, 0.00), (0.00, -1.00, 0.00), (0.00, -1.00, 0.00), (0.00, 0.00, 1.00), (0.00, 0.00, 1.00), (0.00, 1.00, 0.00), (0.00, -1.00, 0.00), (0.00, 1.00, 0.00), (0.00, 0.00, -1.00), (0.00, 1.00, 0.00), (0.00, 1.00, 0.00), (0.00, 0.00, -1.00), (0.00, -1.00, 0.00), (-1.00, 0.00, 0.00), (0.00, -1.00, 0.00), (0.00, 0.00, 1.00), (0.00, -1.00, 0.00), (-1.00, 0.00, 0.00), (-1.00, 0.00, 0.00), (0.00, 1.00, 0.00), (0.00, 0.00, 1.00), (0.00, 0.00, 1.00), (1.00, 0.00, 0.00), (-1.00, 0.00, 0.00), (0.00, 0.00, 1.00), (0.00, -1.00, 0.00), (0.00, 0.00, 1.00), (-1.00, 0.00, 0.00), (0.00, -1.00, 0.00), (0.00, 0.00, -1.00), (0.00, -1.00, 0.00), (0.00, 1.00, 0.00), (0.00, 0.00, -1.00), (0.00, 0.00, 1.00), (0.00, -1.00, 0.00)]
Length: 105
[(0.00, 0.00, 1.00), (0.00, 0.00, -1.00), (0.00, 1.00, 0.00), (1.00, 0.00, 0.00), (0.00, 0.00, 1.00), (0.00, 0.00, 1.00), (0.00, 0.00, -1.00), (0.00, 1.00, 0.00), (0.00, 1.00, 0.00), (1.00, 0.00, 0.00), (0.00, 1.00, 0.00), (0.00, 0.00, 1.00), (1.00, 0.00, 0.00), (1.00, 0.00, 0.00), (0.00, -1.00, 0.00), (0.00, 1.00, 0.00), (-1.00, 0.00, 0.00), (1.00, 0.00, 0.00), (-1.00, 0.00, 0.00), (0.00, 0.00, 1.00), (-1.00, 0.00, 0.00), (0.00, 1.00, 0.00), (0.00, -1.00, 0.00), (0.00, 0.00, -1.00), (0.00, 1.00, 0.00), (0.00, 1.00, 0.00), (0.00, 0.00, 1.00), (0.00, -1.00, 0.00), (0.00, 0.00, -1.00), (1.00, 0.00, 0.00), (0.00, 0.00, -1.00), (0.00, 0.00, 1.00), (0.00, 0.00, -1.00), (0.00, 1.00, 0.00), (0.00, 1.00, 0.00), (0.00, -1.00, 0.00), (0.00, 0.00, 1.00), (0.00, 0.00, 1.00), (-1.00, 0.00, 0.00), (0.00, 0.00, -1.00), (1.00, 0.00, 0.00), (0.00, 0.00, 1.00), (1.00, 0.00, 0.00), (1.00, 0.00, 0.00), (0.00, 1.00, 0.00), (0.00, 1.00, 0.00), (0.00, -1.00, 0.00), (0.00, 1.00, 0.00), (0.00, 0.00, -1.00), (0.00, -1.00, 0.00), (1.00, 0.00, 0.00), (1.00, 0.00, 0.00), (1.00, 0.00, 0.00), (1.00, 0.00, 0.00), (0.00, -1.00, 0.00), (-1.00, 0.00, 0.00), (0.00, 0.00, -1.00), (0.00, 0.00, 1.00), (-1.00, 0.00, 0.00), (-1.00, 0.00, 0.00), (0.00, -1.00, 0.00), (0.00, 1.00, 0.00), (0.00, 1.00, 0.00), (-1.00, 0.00, 0.00), (-1.00, 0.00, 0.00), (1.00, 0.00, 0.00), (0.00, 0.00, 1.00), (0.00, 0.00, 1.00), (0.00, -1.00, 0.00), (-1.00, 0.00, 0.00), (0.00, -1.00, 0.00), (-1.00, 0.00, 0.00), (0.00, -1.00, 0.00), (0.00, -1.00, 0.00), (0.00, 0.00, -1.00), (0.00, 0.00, -1.00), (-1.00, 0.00, 0.00), (0.00, -1.00, 0.00), (0.00, -1.00, 0.00), (-1.00, 0.00, 0.00), (0.00, 0.00, 1.00), (0.00, 0.00, -1.00), (1.00, 0.00, 0.00), (0.00, -1.00, 0.00), (0.00, 0.00, 1.00), (0.00, 1.00, 0.00), (1.00, 0.00, 0.00), (0.00, 0.00, 1.00), (0.00, -1.00, 0.00), (-1.00, 0.00, 0.00), (0.00, 0.00, -1.00), (-1.00, 0.00, 0.00), (0.00, 1.00, 0.00), (0.00, 1.00, 0.00), (0.00, 1.00, 0.00), (0.00, 0.00, -1.00), (-1.00, 0.00, 0.00), (0.00, -1.00, 0.00), (0.00, -1.00, 0.00), (0.00, 1.00, 0.00), (0.00, 1.00, 0.00), (0.00, -1.00, 0.00), (1.00, 0.00, 0.00), (-1.00, 0.00, 0.00), (0.00, 1.00, 0.00)]
Length: 105
[(0.00, 1.00, 0.00), (0.00, 1.00, 0.00), (1.00, 0.00, 0.00), (0.00, 1.00, 0.00), (0.00, 0.00, 1.00), (0.00, 0.00, 1.00), (0.00, 0.00, -1.00), (1.00, 0.00, 0.00), (0.00, 0.00, 1.00), (-1.00, 0.00, 0.00), (0.00, 0.00, 1.00), (0.00, 1.00, 0.00), (0.00, -1.00, 0.00), (0.00, 0.00, -1.00), (0.00, 0.00, 1.00), (0.00, 0.00, -1.00), (0.00, 0.00, 1.00), (0.00, -1.00, 0.00), (0.00, 0.00, -1.00), (0.00, 0.00, 1.00), (1.00, 0.00, 0.00), (0.00, 1.00, 0.00), (1.00, 0.00, 0.00), (0.00, 1.00, 0.00), (0.00, -1.00, 0.00), (0.00, 1.00, 0.00), (0.00, 1.00, 0.00), (-1.00, 0.00, 0.00), (0.00, 1.00, 0.00), (1.00, 0.00, 0.00), (0.00, 0.00, 1.00), (0.00, 0.00, 1.00), (0.00, 0.00, -1.00), (0.00, -1.00, 0.00), (0.00, -1.00, 0.00), (0.00, 0.00, -1.00), (0.00, -1.00, 0.00), (0.00, -1.00, 0.00), (-1.00, 0.00, 0.00), (0.00, 0.00, 1.00), (1.00, 0.00, 0.00), (1.00, 0.00, 0.00), (0.00, 0.00, -1.00), (0.00, -1.00, 0.00), (-1.00, 0.00, 0.00), (0.00, 1.00, 0.00), (-1.00, 0.00, 0.00), (0.00, -1.00, 0.00), (0.00, 0.00, -1.00), (0.00, 0.00, -1.00), (0.00, -1.00, 0.00), (0.00, 0.00, -1.00), (-1.00, 0.00, 0.00), (-1.00, 0.00, 0.00), (1.00, 0.00, 0.00), (0.00, 0.00, 1.00), (0.00, 1.00, 0.00), (0.00, 0.00, 1.00), (0.00, 1.00, 0.00), (0.00, 0.00, 1.00), (0.00, 0.00, -1.00), (-1.00, 0.00, 0.00), (0.00, 1.00, 0.00), (1.00, 0.00, 0.00), (-1.00, 0.00, 0.00), (0.00, 1.00, 0.00), (0.00, 0.00, -1.00), (0.00, 0.00, 1.00), (0.00, -1.00, 0.00), (0.00, -1.00, 0.00), (1.00, 0.00, 0.00), (0.00, -1.00, 0.00), (0.00, 0.00, 1.00), (-1.00, 0.00, 0.00), (1.00, 0.00, 0.00), (1.00, 0.00, 0.00), (0.00, 1.00, 0.00), (0.00, 0.00, -1.00), (0.00, 0.00, -1.00), (0.00, -1.00, 0.00), (0.00, -1.00, 0.00), (1.00, 0.00, 0.00), (-1.00, 0.00, 0.00), (0.00, 1.00, 0.00), (0.00, 1.00, 0.00), (1.00, 0.00, 0.00), (0.00, -1.00, 0.00), (0.00, 1.00, 0.00), (0.00, 1.00, 0.00), (0.00, 0.00, -1.00), (0.00, -1.00, 0.00), (0.00, -1.00, 0.00), (1.00, 0.00, 0.00), (0.00, 0.00, 1.00), (0.00, 0.00, -1.00), (-1.00, 0.00, 0.00), (1.00, 0.00, 0.00), (0.00, -1.00, 0.00), (0.00, 1.00, 0.00), (0.00, 0.00, 1.00), (1.00, 0.00, 0.00), (0.00, 0.00, -1.00), (0.00, 1.00, 0.00), (-1.00, 0.00, 0.00), (-1.00, 0.00, 0.00)]
